adjusted 0 for 10c


4/4 [==============================] - 0s 7ms/step - loss: 5.5958 - acc: 0.5000
[[1.96648031e-10 6.11680012e-11 1.15296675e-10 6.94849746e-07
  5.60566662e-07 9.94776315e-08 6.42786873e-08 3.00367219e-07
  1.96140209e-05 9.90266632e-03 9.90076005e-01]
 [3.02283337e-10 1.15934463e-10 4.15843832e-10 1.19412562e-06
  8.89896342e-07 1.80921205e-07 1.49788704e-07 7.04277511e-07
  5.11980616e-05 2.77069267e-02 9.72238719e-01]
 [1.74370463e-10 5.04688305e-11 8.13120474e-11 6.04691081e-07
  5.00123235e-07 8.56000142e-08 5.16122611e-08 2.39605015e-07
  1.52931279e-05 7.50578847e-03 9.92477357e-01]
 [2.43952691e-10 8.48904627e-11 2.17924137e-10 9.04705530e-07
  7.00402893e-07 1.32899345e-07 9.71887815e-08 4.56778196e-07
  3.13324126e-05 1.64705031e-02 9.83495891e-01]
 [7.40054407e-10 4.44810661e-10 1.26147146e-08 4.86871295e-06
  3.07007917e-06 9.30433885e-07 1.59904005e-06 7.33899196e-06
  8.50924407e-04 4.33284998e-01 5.65846324e-01]
 [7.41281758e-10 4.47638621e-10 1.29835307e-08 4.90725688e-06
  3.09103052e-06 9.40597033e-07 1.63033667e-06 7.48348657e-06
  8.73409852e-04 4.43014920e-01 5.56093574e-01]
 [5.42456635e-10 4.11629009e-10 3.90434955e-08 4.73449245e-06
  3.26039935e-06 1.09055350e-06 3.57960516e-06 1.93582127e-05
  4.00887616e-03 9.37020838e-01 5.89381941e-02]
 [5.41246270e-10 4.10384782e-10 3.93785307e-08 4.71396925e-06
  3.27706925e-06 1.08814800e-06 3.63419940e-06 1.98750004e-05
  4.18862700e-03 9.41113234e-01 5.46655096e-02]
 [2.21257998e-10 7.33426653e-11 1.63067337e-10 8.01081399e-07
  6.31581997e-07 1.16224825e-07 8.03588449e-08 3.76996041e-07
  2.52590544e-05 1.30569413e-02 9.86915827e-01]
 [6.52010723e-10 3.48892387e-10 5.61858604e-09 3.67865846e-06
  2.40132363e-06 6.54861537e-07 9.16035503e-07 4.21808954e-06
  4.20518831e-04 2.28568509e-01 7.70999134e-01]]
[10 10 10 10  9 10  9  9 10  9]
[0.8        0.82352941 0.83764368 0.84357859 0.86755293 0.86952943
 0.87639158 0.88086081 0.86375728 0.84182042]
0.8504664125831022
4    done