5,0.01

[0.99932888 0.99278997 0.98281161 0.98259661 0.96988962 0.94614552
 0.88366793 0.88818398 0.89317224 0.8946937  0.890803  ]
0.9385530070853076

5,0.02

[0.99932888 0.99279502 0.98282933 0.98260397 0.96994008 0.94631165
 0.88344824 0.88825529 0.89348513 0.89456983 0.89055347]
0.938556444919698

5,0.03

[0.99932888 0.99279502 0.98282933 0.98257476 0.96991561 0.94633572
 0.88379919 0.88855319 0.89322896 0.89363675 0.88928968]
0.9383897360607453

7,0.01

[0.99932888 0.99279495 0.98282964 0.98261109 0.96992709 0.9461937
 0.88366666 0.88824274 0.89317224 0.89457552 0.89067926]
0.9385474329770652

7,0.01, 10000

[0.99932888 0.99278002 0.98257287 0.98231588 0.96946989 0.94526131
 0.88259022 0.88831149 0.89321583 0.89276273 0.8883361 ]
0.9379041103183003

7,0.01, 10k-20k

[0.99932888 0.99278002 0.98210355 0.98200975 0.96931337 0.9453974
 0.88303408 0.88906447 0.89339458 0.89292365 0.88885774]
0.9380188641784336